	0.39750725030899048 -0.32778042554855347
	0.39813396334648132 -0.32382982969284058
	0.3987596333026886 -0.31987905502319336
	0.399385005235672 -0.31592825055122375
	0.4000103771686554 -0.31197744607925415
	0.40063574910163879 -0.30802661180496216
	0.4012610912322998 -0.30407580733299255
	0.4018864631652832 -0.30012500286102295
	0.40255841612815857 -0.29618194699287415
	0.40324956178665161 -0.29224210977554321
	0.40394073724746704 -0.28830227255821228
	0.40463188290596008 -0.28436243534088135
	0.40532302856445313 -0.2804226279258728
	0.40601417422294617 -0.27648276090621948
	0.40670531988143921 -0.27254295349121094
	0.40739649534225464 -0.26860311627388
	0.40808764100074768 -0.26466327905654907
	0.40878000855445862 -0.26072365045547485
	0.40946677327156067 -0.25678303837776184
	0.41015353798866272 -0.25284245610237122
	0.41084030270576477 -0.2489018440246582
	0.41152706742286682 -0.24496123194694519
	0.41221386194229126 -0.24102063477039337
	0.41290062665939331 -0.23708003759384155
	0.41358739137649536 -0.23313942551612854
	0.41427415609359741 -0.22919882833957672
	0.41496092081069946 -0.22525821626186371
	0.41567400097846985 -0.22132229804992676
	0.4163881242275238 -0.21738655865192413
	0.4170893132686615 -0.21344849467277527
	0.41779050230979919 -0.2095104455947876
	0.41849172115325928 -0.20557238161563873
	0.41919291019439697 -0.20163431763648987
	0.41989409923553467 -0.1976962685585022
	0.42059528827667236 -0.19375820457935333
	0.42129647731781006 -0.18982015550136566
	0.42199766635894775 -0.1858820915222168
	0.42269885540008545 -0.18194404244422913
	0.42339813709259033 -0.178005650639534
	0.42409783601760864 -0.17406733334064484
	0.42480000853538513 -0.1701294481754303
	0.42550218105316162 -0.16619157791137695
	0.42620432376861572 -0.16225369274616241
	0.42690649628639221 -0.15831580758094788
	0.4276086688041687 -0.15437793731689453
	0.42830958962440491 -0.15043982863426208
	0.42898905277252197 -0.14649796485900879
	0.42966854572296143 -0.14255610108375549
	0.43034961819648743 -0.13861453533172607
	0.43103006482124329 -0.13467283546924591
	0.43171024322509766 -0.13073109090328217
	0.43239042162895203 -0.12678936123847961
	0.4330706000328064 -0.12284761667251587
	0.43375077843666077 -0.11890587955713272
	0.43443095684051514 -0.11496414244174957
	0.43511113524436951 -0.11102240532636642
	0.43579131364822388 -0.10708066821098328
	0.43647149205207825 -0.10313892364501953
	0.43713968992233276 -0.099195227026939392
	0.4377446174621582 -0.095241241157054901
	0.43834951519966125 -0.09128725528717041
	0.43895444273948669 -0.087333261966705322
	0.43955937027931213 -0.083379276096820831
	0.44016426801681519 -0.07942529022693634
	0.44076919555664063 -0.075471289455890656
	0.44137412309646606 -0.071517288684844971
	0.4419790506362915 -0.067563280463218689
	0.44258520007133484 -0.063609465956687927
	0.44319236278533936 -0.059655807912349701
	0.4437490701675415 -0.055694840848445892
	0.44428884983062744 -0.051731418818235397
	0.44482859969139099 -0.047767996788024902
	0.44536837935447693 -0.043804571032524109
	0.44590812921524048 -0.039841149002313614
	0.44644790887832642 -0.035877726972103119
	0.44698765873908997 -0.031914301216602325
	0.4475274384021759 -0.02795088104903698
	0.44798904657363892 -0.02397790364921093
	0.44838398694992065 -0.019997440278530121
	0.44877895712852478 -0.016016978770494461
	0.44917389750480652 -0.012036516331136227
	0.44956883788108826 -0.0080560538917779922
	0.44996377825737 -0.0040755923837423325
	0.45035874843597412 -9.5129013061523438e-005
	0.45075368881225586 0.0038853324949741364
	0.45102575421333313 0.0078759193420410156
	0.45128422975540161 0.011867566034197807
	0.45154273509979248 0.015859212726354599
	0.45180121064186096 0.01985086128115654
	0.45205971598625183 0.023842507973313332
	0.45231819152832031 0.027834154665470123
	0.4525148868560791 0.031828608363866806
	0.45261821150779724 0.035827282816171646
	0.45272150635719299 0.039825953543186188
	0.45282483100891113 0.043824627995491028
	0.45292815566062927 0.047823302447795868
	0.45303145051002502 0.051821976900100708
	0.45299217104911804 0.05582081526517868
	0.45289868116378784 0.059819728136062622
	0.45280519127845764 0.063818641006946564
	0.45271170139312744 0.067817561328411102
	0.45261821150779724 0.071816474199295044
	0.45219263434410095 0.075790636241436005
	0.45169082283973694 0.07975904643535614
	0.45118904113769531 0.083727449178695679
	0.4506872296333313 0.087695851922035217
	0.44993683695793152 0.091617316007614136
	0.44889563322067261 0.095479436218738556
	0.4478544294834137 0.099341548979282379
	0.4468131959438324 0.1032036691904068
	0.44547399878501892 0.1069704070687294
	0.44389790296554565 0.11064667999744415
	0.44231677055358887 0.11432091891765594
	0.44056186079978943 0.11791227757930756
	0.43870115280151367 0.12145316600799561
	0.43684196472167969 0.12499482184648514
	0.43485108017921448 0.12845779955387115
	0.43264058232307434 0.13179153203964233
	0.43041926622390747 0.13511800765991211
	0.42817670106887817 0.13843025267124176
	0.42559868097305298 0.14148394763469696
	0.42299100756645203 0.14451710879802704
	0.42038333415985107 0.14755026996135712
	0.41764324903488159 0.15045250952243805
	0.41463971138000488 0.15309424698352814
	0.41162791848182678 0.1557265967130661
	0.4085715115070343 0.15830036997795105
	0.40523099899291992 0.16050060093402863
	0.40187236666679382 0.16267171502113342
	0.39842632412910461 0.16470272839069366
	0.39476478099822998 0.16631215810775757
	0.39110061526298523 0.16791653633117676
	0.38743647933006287 0.16952092945575714
	0.38368502259254456 0.1708914041519165
	0.37984442710876465 0.17200933396816254
	0.37600380182266235 0.17312727868556976
	0.37216320633888245 0.1742452085018158
	0.36829850077629089 0.17526590824127197
	0.36437752842903137 0.17605718970298767
	0.36045658588409424 0.17684847116470337
	0.35653561353683472 0.17763975262641907
	0.3526146411895752 0.17843103408813477
	0.34866619110107422 0.17906960844993591
	0.34471526741981506 0.17969445884227753
	0.3407643735408783 0.18031930923461914
	0.33681347966194153 0.18094415962696075
	0.33285167813301086 0.18149052560329437
	0.32887938618659973 0.18196053802967072
	0.3249070942401886 0.18243055045604706
	0.32093480229377747 0.1829005628824234
	0.31696251034736633 0.18337057530879974
	0.31297877430915833 0.18373081088066101
	0.30899462103843689 0.18408657610416412
	0.30501046776771545 0.18444234132766724
	0.30102631449699402 0.18479810655117035
	0.29704216122627258 0.18515387177467346
	0.29305377602577209 0.18545833230018616
	0.28906494379043579 0.18575721979141235
	0.28507611155509949 0.18605612218379974
	0.28108730912208557 0.18635500967502594
	0.27709847688674927 0.18665389716625214
	0.27310964465141296 0.18695278465747833
	0.26912128925323486 0.18725758790969849
	0.2651330828666687 0.18756480515003204
	0.26114487648010254 0.18787200748920441
	0.25715669989585876 0.18817922472953796
	0.2531684935092926 0.18848644196987152
	0.24918031692504883 0.18879364430904388
	0.24519118666648865 0.18908831477165222
	0.24120073020458221 0.18936462700366974
	0.23721027374267578 0.18964093923568726
	0.23321983218193054 0.18991723656654358
	0.22922937572002411 0.1901935487985611
	0.22523783147335052 0.19045259058475494
	0.22124479711055756 0.19068881869316101
	0.21725177764892578 0.19092504680156708
	0.21325874328613281 0.19116127490997314
	0.20926442742347717 0.1913716197013855
	0.20526836812496185 0.19154945015907288
	0.20127232372760773 0.19172726571559906
	0.19727541506290436 0.19188469648361206
	0.19327834248542786 0.19203780591487885
	0.18928112089633942 0.1921858936548233
	0.18528306484222412 0.19231078028678894
	0.18128499388694763 0.19243565201759338
	0.17728693783283234 0.19256053864955902
	0.17328888177871704 0.19268563389778137
	0.1692909449338913 0.19281445443630219
	0.16529302299022675 0.192943274974823
	0.161295086145401 0.19307209551334381
	0.15729714930057526 0.19320091605186462
	0.1532997339963913 0.19334271550178528
	0.14930324256420135 0.19351059198379517
	0.14530676603317261 0.19367845356464386
	0.14131027460098267 0.19384631514549255
	0.13731379806995392 0.19401417672634125
	0.13331907987594604 0.19421610236167908
	0.12932612001895905 0.19445344805717468
	0.12533316016197205 0.19469079375267029
	0.12134020030498505 0.19492813944816589
	0.11734724044799805 0.1951654851436615
	0.11335766315460205 0.19545367360115051
	0.10936836898326874 0.19574624300003052
	0.10537907481193542 0.19603879749774933
	0.10138978064060211 0.19633136689662933
	0.097402274608612061 0.19664722681045532
	0.093415983021259308 0.19697821140289307
	0.089429698884487152 0.19730919599533081
	0.085443407297134399 0.19764018058776855
	0.08145720511674881 0.19797211885452271
	0.077471308410167694 0.19830779731273651
	0.073485404253005981 0.19864346086978912
	0.069499507546424866 0.19897912442684174
	0.06551361083984375 0.19931478798389435
	0.061528269201517105 0.19965672492980957
	0.057543639093637466 0.20000715553760529
	0.053559008985757828 0.200357586145401
	0.049574382603168488 0.20070800185203552
	0.045588959008455276 0.20104862749576569
	0.041598919779062271 0.20133085548877716
	0.037608880549669266 0.20161308348178864
	0.03361884132027626 0.2018953263759613
	0.029620660468935966 0.20201174914836884
	0.025622131302952766 0.20212051272392273
	0.021624473854899406 0.20212535560131073
	0.017628395929932594 0.20194810628890991
	0.013635307550430298 0.20173861086368561
	0.0096746217459440231 0.20117911696434021
	0.0057165306061506271 0.20060592889785767
	0.0018276902846992016 0.19966945052146912
	-0.0020500998944044113 0.19869476556777954
	-0.0058347191661596298 0.19739988446235657
	-0.0095888562500476837 0.19602727890014648
	-0.013242399320006371 0.19439888000488281
	-0.016835467889904976 0.19264994561672211
	-0.020322635769844055 0.19069042801856995
	-0.023749902844429016 0.18863165378570557
	-0.027109809219837189 0.18646115064620972
	-0.030409069731831551 0.18420116603374481
	-0.033670444041490555 0.1818852424621582
	-0.036849208176136017 0.17945724725723267
	-0.039997979998588562 0.17699044942855835
	-0.043085098266601563 0.17444726824760437
	-0.046148713678121567 0.17187555134296417
	-0.049180146306753159 0.16926586627960205
	-0.052220158278942108 0.16666613519191742
	-0.055267997086048126 0.16407562792301178
	-0.058420076966285706 0.16161374747753143
	-0.061664700508117676 0.15928119421005249
	-0.065043054521083832 0.15713950991630554
	-0.068605184555053711 0.15532779693603516
	-0.072211436927318573 0.15359842777252197
	-0.075965665280818939 0.15221810340881348
	-0.079719901084899902 0.15083777904510498
	-0.083537168800830841 0.14964854717254639
	-0.08737596869468689 0.14852462708950043
	-0.091214768588542938 0.14740070700645447
	-0.095079019665718079 0.14637000858783722
	-0.098956093192100525 0.14538620412349701
	-0.10283317416906357 0.1444023996591568
	-0.10671024769544601 0.14341859519481659
	-0.11060334742069244 0.14250107109546661
	-0.11449915170669556 0.14159426093101501
	-0.11839495599269867 0.14068745076656342
	-0.12229076027870178 0.13978064060211182
	-0.12618999183177948 0.13888850808143616
	-0.13009363412857056 0.13801608979701996
	-0.13399727642536163 0.13714365661144257
	-0.13790091872215271 0.13627123832702637
	-0.14180457592010498 0.13539880514144897
	-0.14570850133895874 0.13452759385108948
	-0.14961276948451996 0.13365793228149414
	-0.15351703763008118 0.1327882707118988
	-0.1574213057756424 0.13191862404346466
	-0.16132557392120361 0.13104896247386932
	-0.16522914171218872 0.13017594814300537
	-0.16913004219532013 0.12929132580757141
	-0.17303094267845154 0.12840668857097626
	-0.17693184316158295 0.1275220662355423
	-0.18083274364471436 0.12663744390010834
	-0.18473364412784576 0.12575280666351318
	-0.18862782418727875 0.12483904510736465
	-0.19251812994480133 0.12390895187854767
	-0.19640843570232391 0.12297885864973068
	-0.20029875636100769 0.12204877287149429
	-0.20418906211853027 0.12111867964267731
	-0.20807936787605286 0.12018859386444092
	-0.2119477391242981 0.11917141824960709
	-0.21581360697746277 0.1181444376707077
	-0.21967947483062744 0.11711746454238892
	-0.22354534268379211 0.11609049141407013
	-0.22741119563579559 0.11506351828575134
	-0.23126494884490967 0.11399457603693008
	-0.23507745563983917 0.11278446018695831
	-0.23888996243476868 0.11157434433698654
	-0.24270246922969818 0.11036422848701477
	-0.24651497602462769 0.1091541051864624
	-0.250327467918396 0.10794398933649063
	-0.25406891107559204 0.10652991384267807
	-0.25780683755874634 0.10510595887899399
	-0.26154473423957825 0.10368199646472931
	-0.26528263092041016 0.10225804150104523
	-0.26901304721832275 0.10081584751605988
	-0.27265912294387817 0.099170908331871033
	-0.27630516886711121 0.09752596914768219
	-0.27995124459266663 0.095881029963493347
	-0.28359732031822205 0.094236090779304504
	-0.28717711567878723 0.092455022037029266
	-0.29072156548500061 0.090601250529289246
	-0.29426601529121399 0.088747486472129822
	-0.29781046509742737 0.086893714964389801
	-0.30128166079521179 0.084908038377761841
	-0.30472713708877563 0.082876235246658325
	-0.30817261338233948 0.080844424664974213
	-0.31155723333358765 0.078716129064559937
	-0.31487411260604858 0.076480560004711151
	-0.31819102168083191 0.074244990944862366
	-0.32136327028274536 0.071810431778430939
	-0.32451260089874268 0.069344401359558105
	-0.32753962278366089 0.06673131138086319
	-0.33053722977638245 0.064082875847816467
	-0.333534836769104 0.061434511095285416
	-0.33654287457466125 0.058798044919967651
	-0.33957013487815857 0.056183602660894394
	-0.342633455991745 0.053611923009157181
	-0.34572803974151611 0.05107753723859787
	-0.34885787963867188 0.048587627708911896
	-0.35203394293785095 0.046156123280525208
	-0.35521000623703003 0.043724618852138519
	-0.35848739743232727 0.04143446683883667
	-0.36180943250656128 0.039206549525260925
	-0.36513149738311768 0.036978628486394882
	-0.36844649910926819 0.034740179777145386
	-0.37174946069717407 0.032484054565429688
	-0.37505239248275757 0.030227929353713989
	-0.37830039858818054 0.027894459664821625
	-0.38151273131370544 0.025511063635349274
	-0.3846895694732666 0.023081548511981964
	-0.38773652911186218 0.020490948110818863
	-0.3906327486038208 0.01773509569466114
	-0.3933548629283905 0.014808639883995056
	-0.39584994316101074 0.011682280339300632
	-0.39781638979911804 0.0082095339894294739
	-0.39912435412406921 0.0044516590423882008
	-0.39945739507675171 0.00048527203034609556
	-0.39892664551734924 -0.0034777338150888681
	-0.39766821265220642 -0.0072664935141801834
	-0.39662796258926392 -0.011096353642642498
	-0.39701181650161743 -0.015038574114441872
	-0.39815759658813477 -0.018858097493648529
	-0.39955124258995056 -0.022607408463954926
	-0.40105709433555603 -0.026310628280043602
	-0.40270459651947021 -0.029955534264445305
	-0.4043520987033844 -0.033600442111492157
	-0.40599960088729858 -0.03724534809589386
	-0.40761861205101013 -0.040902707725763321
	-0.40918174386024475 -0.044584579765796661
	-0.41074487566947937 -0.048266448080539703
	-0.41230803728103638 -0.051948320120573044
	-0.4138323962688446 -0.05564584955573082
	-0.41527694463729858 -0.059375837445259094
	-0.41672152280807495 -0.06310582160949707
	-0.41816610097885132 -0.066835805773735046
	-0.41956183314323425 -0.070583716034889221
	-0.42086067795753479 -0.074366912245750427
	-0.42215952277183533 -0.078150108456611633
	-0.42345836758613586 -0.081933304667472839
	-0.42471373081207275 -0.085730522871017456
	-0.42587938904762268 -0.089556857943534851
	-0.427045077085495 -0.093383185565471649
	-0.42821073532104492 -0.097209513187408447
	-0.42938607931137085 -0.10103289783000946
	-0.43057665228843689 -0.10485155135393143
	-0.43176469206809998 -0.10867098718881607
	-0.43295273184776306 -0.11249043047428131
	-0.43422219157218933 -0.11628285795450211
	-0.43555262684822083 -0.12005506455898285
	-0.43688303232192993 -0.12382727861404419
	-0.43831121921539307 -0.12756085395812988
	-0.4399130642414093 -0.1312260627746582
	-0.44151133298873901 -0.13489282131195068
	-0.44335848093032837 -0.13843722641468048
	-0.44526427984237671 -0.14195381104946136
	-0.44722339510917664 -0.14543679356575012
	-0.44940346479415894 -0.14879043400287628
	-0.45158019661903381 -0.15214613080024719
	-0.45386964082717896 -0.15542416274547577
	-0.4561694860458374 -0.15869683027267456
	-0.45852258801460266 -0.16193076968193054
	-0.46085831522941589 -0.16517792642116547
	-0.46310117840766907 -0.16848981380462646
	-0.46508422493934631 -0.17196200788021088
	-0.46669250726699829 -0.1756119430065155
	-0.46747973561286926 -0.17950384318828583
	-0.4677029550075531 -0.18349447846412659
	-0.46719646453857422 -0.18744544684886932
	-0.46561506390571594 -0.19108285009860992
	-0.46251386404037476 -0.19347253441810608
	-0.45855876803398132 -0.19388023018836975
	-0.45458731055259705 -0.19340364634990692
	-0.45067593455314636 -0.19257849454879761
	-0.44679129123687744 -0.19162790477275848
	-0.44299250841140747 -0.19037802517414093
	-0.43920779228210449 -0.18908360600471497
	-0.4354579746723175 -0.18769438564777374
	-0.43174687027931213 -0.18620200455188751
	-0.42804780602455139 -0.18468135595321655
	-0.42440721392631531 -0.18302430212497711
	-0.42078861594200134 -0.18131978809833527
	-0.41722902655601501 -0.17949642241001129
	-0.41369608044624329 -0.17762123048305511
	-0.41019928455352783 -0.17567932605743408
	-0.40673243999481201 -0.17368422448635101
	-0.4032655656337738 -0.17168912291526794
	-0.39981913566589355 -0.16965910792350769
	-0.39639005064964294 -0.16759973764419556
	-0.39296096563339233 -0.16554038226604462
	-0.38952785730361938 -0.16348777711391449
	-0.38608595728874207 -0.16144993901252747
	-0.38264402747154236 -0.15941208600997925
	-0.37914878129959106 -0.1574685275554657
	-0.37562772631645203 -0.15557074546813965
	-0.37206974625587463 -0.15374517440795898
	-0.36847019195556641 -0.15200084447860718
	-0.36485114693641663 -0.15029795467853546
	-0.36120155453681946 -0.14866085350513458
	-0.35754847526550293 -0.1470315158367157
	-0.35387381911277771 -0.14545151591300964
	-0.3501991331577301 -0.14387153089046478
	-0.34651699662208557 -0.14230926334857941
	-0.34282851219177246 -0.14076180756092072
	-0.33914002776145935 -0.13921433687210083
	-0.33544805645942688 -0.13767533004283905
	-0.3317531943321228 -0.13614311814308167
	-0.32805833220481873 -0.13461089134216309
	-0.32436272501945496 -0.13308064639568329
	-0.32066544890403748 -0.13155430555343628
	-0.31696817278862 -0.13002796471118927
	-0.31327086687088013 -0.12850154936313629
	-0.30957376956939697 -0.12697480618953705
	-0.30587664246559143 -0.12544804811477661
	-0.30217954516410828 -0.12392129749059677
	-0.29848223924636841 -0.12239507585763931
	-0.29478481411933899 -0.12086908519268036
	-0.29108738899230957 -0.119343101978302
	-0.28739005327224731 -0.11781718581914902
	-0.28369256854057312 -0.11629132926464081
	-0.27999508380889893 -0.114765465259552
	-0.27629676461219788 -0.1132417619228363
	-0.2725968062877655 -0.11172187328338623
	-0.26889687776565552 -0.11020199209451675
	-0.26519295573234558 -0.10869192332029343
	-0.26148438453674316 -0.10719339549541473
	-0.25777247548103333 -0.10570303350687027
	-0.25717458128929138 -0.10797860473394394
	-0.25964066386222839 -0.11065615713596344
	-0.26327687501907349 -0.11232279241085052
	-0.26696816086769104 -0.11386236548423767
	-0.27067434787750244 -0.11536692827939987
	-0.27437520027160645 -0.11688436567783356
	-0.27807402610778809 -0.11840695887804031
	-0.28177285194396973 -0.11992954462766647
	-0.28547412157058716 -0.12144636362791061
	-0.28917938470840454 -0.12295320630073547
	-0.29288464784622192 -0.12446005642414093
	-0.29658949375152588 -0.12596797943115234
	-0.30029231309890747 -0.12748099863529205
	-0.30399447679519653 -0.12899543344974518
	-0.3076966404914856 -0.1305098682641983
	-0.31139838695526123 -0.13202531635761261
	-0.31510087847709656 -0.13353878259658813
	-0.31881368160247803 -0.13502702116966248
	-0.32252645492553711 -0.13651527464389801
	-0.32623517513275146 -0.13801348209381104
	-0.32993441820144653 -0.13953495025634766
	-0.33363446593284607 -0.14105460047721863
	-0.33733448386192322 -0.1425742506980896
	-0.34102520346641541 -0.14411619305610657
	-0.34471175074577332 -0.14566825330257416
	-0.34839776158332825 -0.14722158014774323
	-0.35206928849220276 -0.148808553814888
	-0.35573652386665344 -0.15040571987628937
	-0.35939633846282959 -0.15201964974403381
	-0.36303666234016418 -0.15367725491523743
	-0.3666628897190094 -0.1553642749786377
	-0.3702419102191925 -0.15715038776397705
	-0.37378326058387756 -0.15900813043117523
	-0.37728032469749451 -0.16094982624053955
	-0.38073381781578064 -0.16296735405921936
	-0.38416600227355957 -0.16502150893211365
	-0.38757947087287903 -0.16710665822029114
	-0.39091888070106506 -0.16930632293224335
	-0.39421874284744263 -0.17156697809696198
	-0.39751860499382019 -0.17382761836051941
	-0.40068253874778748 -0.17627426981925964
	-0.4038378894329071 -0.17873258888721466
	-0.40692770481109619 -0.18126794695854187
	-0.40984970331192017 -0.18399950861930847
	-0.41262239217758179 -0.18687938153743744
	-0.41517439484596252 -0.18994644284248352
	-0.41741654276847839 -0.19325891137123108
	-0.41917842626571655 -0.19682930409908295
	-0.42060354351997375 -0.20055845379829407
	-0.42139524221420288 -0.20447927713394165
	-0.421855628490448 -0.20844845473766327
	-0.42182409763336182 -0.21243852376937866
	-0.4209895133972168 -0.21633191406726837
	-0.41892597079277039 -0.21972890198230743
	-0.41585817933082581 -0.22222326695919037
	-0.41203063726425171 -0.22327393293380737
	-0.40804225206375122 -0.22345682978630066
	-0.40404981374740601 -0.22321167588233948
	-0.40008533000946045 -0.22269384562969208
	-0.39612728357315063 -0.22211644053459167
	-0.39217102527618408 -0.22152642905712128
	-0.38821616768836975 -0.22092756628990173
	-0.38424393534660339 -0.22046153247356415
	-0.38026914000511169 -0.22001345455646515
	-0.37628144025802612 -0.21974605321884155
	-0.37228339910507202 -0.21962516009807587
	-0.36829084157943726 -0.21965216100215912
	-0.36431387066841125 -0.22008031606674194
	-0.36034315824508667 -0.22054897248744965
	-0.35641884803771973 -0.22132264077663422
	-0.35249489545822144 -0.22209760546684265
	-0.34859225153923035 -0.22297391295433044
	-0.34468406438827515 -0.22382573783397675
	-0.34076076745986938 -0.224604532122612
	-0.33681043982505798 -0.22522059082984924
	-0.33283045887947083 -0.22560577094554901
	-0.32883143424987793 -0.22566576302051544
	-0.32483702898025513 -0.22557541728019714
	-0.32085627317428589 -0.22518408298492432
	-0.31690871715545654 -0.22456037998199463
	-0.31298956274986267 -0.2237648069858551
	-0.30911514163017273 -0.22277082502841949
	-0.30531209707260132 -0.22153136134147644
	-0.3015809953212738 -0.22009003162384033
	-0.29791969060897827 -0.2184809148311615
	-0.29419758915901184 -0.21702179312705994
	-0.29043608903884888 -0.21566133201122284
	-0.2867005467414856 -0.21423421800136566
	-0.28292611241340637 -0.21291087567806244
	-0.27916756272315979 -0.21154280006885529
	-0.27541422843933105 -0.21016031503677368
	-0.27186453342437744 -0.20835146307945251
	-0.26864978671073914 -0.20600639283657074
	-0.26595029234886169 -0.2030765563249588
	-0.26382234692573547 -0.19969403743743896
	-0.26213151216506958 -0.1960732489824295
	-0.26062577962875366 -0.19236868619918823
	-0.25915855169296265 -0.18864859640598297
	-0.25752025842666626 -0.18499954044818878
	-0.25536724925041199 -0.18164980411529541
	-0.25281819701194763 -0.17859423160552979
	-0.24978148937225342 -0.1759907454252243
	-0.24637287855148315 -0.17394030094146729
	-0.24281272292137146 -0.17211687564849854
	-0.23906707763671875 -0.17074838280677795
	-0.23523834347724915 -0.16959066689014435
	-0.23140661418437958 -0.16844311356544495
	-0.22747302055358887 -0.16776441037654877
	-0.2235022634267807 -0.16728194057941437
	-0.21953152120113373 -0.16679947078227997
	-0.21556934714317322 -0.16625156998634338
	-0.21158242225646973 -0.16595004498958588
	-0.2075914591550827 -0.16568195819854736
	-0.20360051095485687 -0.16541387140750885
	-0.19960954785346985 -0.16514578461647034
	-0.19561205804347992 -0.16503500938415527
	-0.19161269068717957 -0.16497230529785156
	-0.18761323392391205 -0.16491006314754486
	-0.18361376225948334 -0.16484783589839935
	-0.17961463332176208 -0.16487182676792145
	-0.17561590671539307 -0.16496707499027252
	-0.17161720991134644 -0.16506728529930115
	-0.1676185131072998 -0.16516749560832977
	-0.16362152993679047 -0.16531269252300262
	-0.15962871909141541 -0.16555140912532806
	-0.15563642978668213 -0.16579896211624146
	-0.15164415538311005 -0.16604650020599365
	-0.14765621721744537 -0.16634838283061981
	-0.1436772346496582 -0.16675727069377899
	-0.139698326587677 -0.16716700792312622
	-0.1357194185256958 -0.16757673025131226
	-0.1317523866891861 -0.16808032989501953
	-0.12779749929904938 -0.16867905855178833
	-0.12384261935949326 -0.16927778720855713
	-0.11988773941993713 -0.16987651586532593
	-0.11596076935529709 -0.17063137888908386
	-0.1120440885424614 -0.17144326865673065
	-0.1081274002790451 -0.17225514352321625
	-0.10421077162027359 -0.1730676144361496
	-0.10035192221403122 -0.17412105202674866
	-0.096493534743785858 -0.17517575621604919
	-0.0926351398229599 -0.17623046040534973
	-0.088786132633686066 -0.17731806635856628
	-0.084964431822299957 -0.17849881947040558
	-0.081142723560333252 -0.17967957258224487
	-0.077321022748947144 -0.18086032569408417
	-0.073499336838722229 -0.18204110860824585
	-0.069676212966442108 -0.18321725726127625
	-0.065853096544742584 -0.18439342081546783
	-0.062029976397752762 -0.18556956946849823
	-0.058198116719722748 -0.18671523034572601
	-0.05433446541428566 -0.18775050342082977
	-0.050470814108848572 -0.18878577649593353
	-0.046607162803411484 -0.1898210346698761
	-0.042743511497974396 -0.19085630774497986
	-0.038852427154779434 -0.1917785257101059
	-0.034926269203424454 -0.19254329800605774
	-0.031000111252069473 -0.19330807030200958
	-0.027073955163359642 -0.19407284259796143
	-0.023147797212004662 -0.19483761489391327
	-0.019216174259781837 -0.1955716460943222
	-0.015266582369804382 -0.19620434939861298
	-0.011315491981804371 -0.19682729244232178
	-0.0073640337213873863 -0.1974482387304306
	-0.00341260083951056 -0.19806872308254242
	0.00054339738562703133 -0.19865924119949341
	0.0045003416016697884 -0.19924420118331909
	0.0084554199129343033 -0.19984124600887299
	0.012399544939398766 -0.20050701498985291
	0.01633167453110218 -0.20123188197612762
	0.020237790420651436 -0.20209187269210815
	0.02337372675538063 -0.20453260838985443
	0.025069283321499825 -0.20804078876972198
	0.02612108550965786 -0.21187399327754974
	0.026704119518399239 -0.2158312201499939
	0.027256013825535774 -0.21979238092899323
	0.02769954688847065 -0.22376765310764313
	0.028143079951405525 -0.22774294018745422
	0.028604025021195412 -0.23171615600585938
	0.028966069221496582 -0.23569950461387634
	0.029311925172805786 -0.23968447744846344
	0.029657779261469841 -0.24366945028305054
	0.030003635212779045 -0.24765440821647644
	0.030349491164088249 -0.25163936614990234
	0.03066689521074295 -0.25562644004821777
	0.030886519700288773 -0.25962036848068237
	0.031106144189834595 -0.26361426711082458
	0.031325768679380417 -0.26760819554328918
	0.031545393168926239 -0.2716020941734314
	0.031765017658472061 -0.275596022605896
	0.031984642148017883 -0.27958992123603821
	0.032204266637563705 -0.28358384966850281
	0.032425187528133392 -0.28757768869400024
	0.032582949846982956 -0.29037904739379883
