	1.07527 0.150074
	1.0724 0.169559
	1.06708 0.188526
	1.06104 0.207276
	1.06005 0.212102
	1.05871 0.22928
	1.05907 0.27115
	1.06049 0.293268
	1.06395 0.312658
	1.07126 0.336177
	1.08499 0.375728
	1.09369 0.406535
	1.09767 0.425832
	1.09925 0.445467
	1.10029 0.455262
	1.1023 0.464903
	1.10549 0.474217
	1.10985 0.483045
	1.11417 0.489025
	1.11933 0.494309
	1.12321 0.497352
	1.12977 0.500725
	1.1631 0.509526
	1.17277 0.511374
	1.22162 0.517644
	1.24121 0.519747
	1.29293 0.52057
	1.34709 0.518719
	1.35693 0.518969
	1.36181 0.519612
	1.36661 0.520722
	1.37122 0.522456
	1.38423 0.529446
	1.39838 0.539282
	1.40559 0.545986
	1.41179 0.553632
	1.41848 0.563971
	1.42528 0.57709
	1.42917 0.586136
	1.43134 0.593197
	1.43178 0.59562
	1.43236 0.607911
	1.43111 0.625097
	1.42696 0.644355
	1.42557 0.649082
	1.42268 0.655872
	1.42016 0.660103
	1.40809 0.675665
	1.40665 0.677654
	1.40437 0.682007
	1.40364 0.684361
	1.40331 0.686791
	1.40335 0.689254
	1.40369 0.691686
	1.40434 0.694059
	1.40529 0.696329
	1.40647 0.698486
	1.40923 0.702563
	1.41876 0.713854
	1.42293 0.719943
	1.42491 0.724447
	1.42596 0.729257
	1.4261 0.736636
	1.42531 0.741496
	1.42372 0.746159
	1.41807 0.754218
	1.4156 0.75847
	1.4149 0.760806
	1.41487 0.763269
	1.41553 0.765617
	1.41672 0.767771
	1.4181 0.769806
	1.42613 0.779146
	1.43183 0.787165
	1.43414 0.79151
	1.43506 0.793785
	1.4372 0.800849
	1.43924 0.820441
	1.4414 0.835053
	1.44146 0.837515
	1.44127 0.839966
	1.44077 0.842376
	1.439 0.846965
	1.43662 0.85128
	1.43348 0.85506
	1.42822 0.860246
	1.42507 0.864024
	1.42247 0.868195
	1.4209 0.872861
	1.42009 0.877702
	1.42021 0.880162
	1.42066 0.882551
	1.42148 0.884874
	1.42267 0.887014
	1.42551 0.891022
	1.42723 0.892785
	1.43113 0.895777
	1.43554 0.897942
	1.43785 0.898817
	1.44265 0.899865
	1.44756 0.900177
	1.45494 0.899864
	1.48179 0.896249
	1.48672 0.896172
	1.49163 0.896554
	1.50121 0.898818
	1.51722 0.905205
	1.52422 0.90756
	1.52643 0.90863
	1.52851 0.909935
	1.53226 0.913138
	1.53526 0.917032
	1.53708 0.92161
	1.53757 0.924004
	1.53765 0.926462
	1.53712 0.931346
	1.5351 0.938445
	1.52145 0.97011
	1.50782 0.996325
	1.49046 1.02611
	1.48719 1.03274
	1.48486 1.03707
	1.46875 1.07032
	1.45865 1.09004
	1.44197 1.11443
	1.434 1.12382
	1.42689 1.13063
	1.42297 1.13362
	1.40177 1.14613
	1.37909 1.15572
	1.36162 1.16483
	1.35961 1.16624
	1.35777 1.16787
	1.35632 1.1698
	1.35449 1.17437
	1.35423 1.17682
	1.3542 1.18667
	1.3523 1.20131
	1.35166 1.20867
	1.35189 1.22591
	1.35163 1.24068
	1.3499 1.26525
	1.34847 1.28243
	1.34595 1.30196
	1.34193 1.31618
	1.33162 1.34123
	1.32256 1.36676
	1.30654 1.4211
	1.29693 1.44375
	1.29032 1.45697
	1.27652 1.48856
	1.26128 1.51388
	1.23215 1.55357
	1.22065 1.56641
	1.20602 1.5796
	1.1766 1.60196
	1.12779 1.6395
	1.11179 1.65101
	1.09273 1.66232
	1.07932 1.66852
	1.02827 1.68667
	0.982994 1.69845
	0.936744 1.70547
	0.78904 1.70806
	0.766932 1.70655
	0.7109 1.69821
	0.639111 1.68089
	0.599946 1.66612
	0.54771 1.63854
	0.511359 1.61319
	0.496402 1.60037
	0.481587 1.58069
	0.463308 1.55146
	0.437878 1.50361
	0.419642 1.46051
	0.402262 1.41973
	0.390699 1.38206
	0.375759 1.33772
	0.366186 1.31237
	0.360227 1.29103
	0.35617 1.27175
	0.353564 1.25222
	0.350192 1.23531
	0.346397 1.21348
	0.340622 1.19208
	0.339231 1.18483
	0.338627 1.17747
	0.338705 1.175
	0.338566 1.17255
	0.33996 1.15784
	0.341477 1.15062
	0.349578 1.1222
	0.356582 1.09348
	0.36771 1.06349
	0.372481 1.05488
	0.373629 1.0527
	0.377407 1.0436
	0.383283 1.0274
	0.394853 1.0002
	0.402674 0.982124
	0.406068 0.972881
	0.413296 0.951952
	0.428496 0.918282
	0.440973 0.888795
	0.451027 0.869041
	0.453626 0.864856
	0.462431 0.852989
	0.467573 0.844589
	0.47011 0.840366
	0.472976 0.836361
	0.478243 0.831199
	0.484211 0.826846
	0.492386 0.821352
	0.498056 0.81662
	0.518552 0.798907
	0.523869 0.793777
	0.529993 0.78607
	0.53255 0.78186
	0.541246 0.764185
	0.547746 0.745592
	0.549591 0.735918
	0.55015 0.731025
	0.549398 0.701482
	0.548814 0.674408
	0.546894 0.664748
	0.53736 0.631609
	0.534315 0.619678
	0.531498 0.602673
	0.528448 0.590741
	0.527805 0.585867
	0.528052 0.580951
	0.529289 0.576188
	0.531589 0.571842
	0.533188 0.569976
	0.540608 0.563508
	0.56815 0.535363
	0.578716 0.525033
	0.606781 0.50102
	0.650091 0.460819
	0.675942 0.438005
	0.695998 0.416327
	0.712646 0.391924
	0.725953 0.362823
	0.737172 0.327626
	0.744146 0.301453
	0.750654 0.250158
	0.751656 0.230482
	0.751072 0.215716
	0.751653 0.196024
	0.750648 0.178813
	0.75102 0.16897
	0.753478 0.146942
	0.753862 0.129706
	0.754399 0.119869
	0.754185 0.107367
	0.754185 0.107367
