	-1 0.014502751640975475
	-0.99498748779296875 0.023340363055467606
	-0.98997491598129272 0.028277834877371788
	-0.98496240377426147 0.044058129191398621
	-0.97994989156723022 0.038491033017635345
	-0.9749373197555542 0.048046678304672241
	-0.96992480754852295 0.070294685661792755
	-0.9649122953414917 0.066437281668186188
	-0.95989972352981567 0.081658124923706055
	-0.95488721132278442 0.077742122113704681
	-0.94987469911575317 0.081735789775848389
	-0.94486212730407715 0.097912602126598358
	-0.9398496150970459 0.1055576503276825
	-0.93483710289001465 0.10205263644456863
	-0.9298245906829834 0.11182761937379837
	-0.92481201887130737 0.10240073502063751
	-0.91979950666427612 0.11506465077400208
	-0.9147869348526001 0.11391669511795044
	-0.90977442264556885 0.10301084816455841
	-0.9047619104385376 0.099652819335460663
	-0.89974939823150635 0.10780378431081772
	-0.89473682641983032 0.09547017514705658
	-0.88972431421279907 0.097226984798908234
	-0.88471180200576782 0.10008960217237473
	-0.8796992301940918 0.093057297170162201
	-0.87468671798706055 0.074491836130619049
	-0.8696742057800293 0.069463364779949188
	-0.86466163396835327 0.05675157904624939
	-0.85964912176132202 0.05823604017496109
	-0.85463660955429077 0.057007774710655212
	-0.84962403774261475 0.031694240868091583
	-0.8446115255355835 0.024979773908853531
	-0.83959901332855225 0.031070290133357048
	-0.834586501121521 0.01171092689037323
	-0.82957392930984497 0.00035573978675529361
	-0.82456141710281372 -0.0095053082332015038
	-0.8195488452911377 -0.024323472753167152
	-0.81453633308410645 -0.028114298358559608
	-0.8095238208770752 -0.029432617127895355
	-0.80451130867004395 -0.043416321277618408
	-0.79949873685836792 -0.049270708113908768
	-0.79448622465133667 -0.049467373639345169
	-0.78947365283966064 -0.069702699780464172
	-0.78446114063262939 -0.068891391158103943
	-0.77944862842559814 -0.072059169411659241
	-0.77443611621856689 -0.085559472441673279
	-0.76942354440689087 -0.08227190375328064
	-0.76441103219985962 -0.095931492745876312
	-0.75939846038818359 -0.080899782478809357
	-0.75438594818115234 -0.087073050439357758
	-0.74937343597412109 -0.08498479425907135
	-0.74436092376708984 -0.083554036915302277
	-0.73934841156005859 -0.090126886963844299
	-0.73433583974838257 -0.093043699860572815
	-0.72932326793670654 -0.078317373991012573
	-0.72431075572967529 -0.068976409733295441
	-0.71929824352264404 -0.071421563625335693
	-0.71428573131561279 -0.065662726759910583
	-0.70927321910858154 -0.059187989681959152
	-0.70426064729690552 -0.054129458963871002
	-0.69924813508987427 -0.05192204937338829
	-0.69423556327819824 -0.043358813971281052
	-0.68922305107116699 -0.038820847868919373
	-0.68421053886413574 -0.018897064030170441
	-0.67919802665710449 -0.011067152954638004
	-0.67418545484542847 0.0034619602374732494
	-0.66917294263839722 0.0084379967302083969
	-0.66416037082672119 0.019527928903698921
	-0.65914785861968994 0.021885525435209274
	-0.65413534641265869 0.039586149156093597
	-0.64912283420562744 0.048419810831546783
	-0.64411026239395142 0.05173487588763237
	-0.63909775018692017 0.057736892253160477
	-0.63408517837524414 0.070629246532917023
	-0.62907266616821289 0.075589396059513092
	-0.62406015396118164 0.086150147020816803
	-0.61904764175415039 0.082632444798946381
	-0.61403512954711914 0.092647135257720947
	-0.60902255773544312 0.089675761759281158
	-0.60400998592376709 0.09459252655506134
	-0.59899747371673584 0.10679364949464798
	-0.59398496150970459 0.10126131772994995
	-0.58897244930267334 0.11349978297948837
	-0.58395993709564209 0.11384395509958267
	-0.57894736528396606 0.10470181703567505
	-0.57393479347229004 0.10580979287624359
	-0.56892228126525879 0.11503414064645767
	-0.56390976905822754 0.093768320977687836
	-0.55889725685119629 0.094796843826770782
	-0.55388474464416504 0.10408404469490051
	-0.54887217283248901 0.08675045520067215
	-0.54385966062545776 0.092569679021835327
	-0.53884708881378174 0.076750628650188446
	-0.53383457660675049 0.063239693641662598
	-0.52882206439971924 0.065358132123947144
	-0.52380955219268799 0.0497557632625103
	-0.51879698038101196 0.054445397108793259
	-0.51378446817398071 0.042498067021369934
	-0.50877189636230469 0.025052551180124283
	-0.50375938415527344 0.017490960657596588
	-0.49874687194824219 0.0027942464221268892
	-0.49373435974121094 0.0033037434332072735
	-0.48872178792953491 -0.012540708296000957
	-0.48370927572250366 -0.019009927287697792
	-0.47869676351547241 -0.033390160650014877
	-0.47368419170379639 -0.037361051887273788
	-0.46867167949676514 -0.038524448871612549
	-0.46365916728973389 -0.051322434097528458
	-0.45864659547805786 -0.070285134017467499
	-0.45363408327102661 -0.06479228287935257
	-0.44862157106399536 -0.06377960741519928
	-0.44360899925231934 -0.077166140079498291
	-0.43859648704528809 -0.077446937561035156
	-0.43358397483825684 -0.0797719806432724
	-0.42857140302658081 -0.07965618371963501
	-0.42355889081954956 -0.088539153337478638
	-0.41854637861251831 -0.093506045639514923
	-0.41353380680084229 -0.081449642777442932
	-0.40852129459381104 -0.089097656309604645
	-0.40350878238677979 -0.087917618453502655
	-0.39849627017974854 -0.076921164989471436
	-0.39348369836807251 -0.084187932312488556
	-0.38847118616104126 -0.074996225535869598
	-0.38345867395401001 -0.07182680070400238
	-0.37844610214233398 -0.073638670146465302
	-0.37343358993530273 -0.062692262232303619
	-0.36842107772827148 -0.042606975883245468
	-0.36340850591659546 -0.051124263554811478
	-0.35839599370956421 -0.033483635634183884
	-0.35338348150253296 -0.029795378446578979
	-0.34837090969085693 -0.02289867214858532
	-0.34335839748382568 -0.0073800771497189999
	-0.33834588527679443 0.0028067387174814939
	-0.33333331346511841 0.018712885677814484
	-0.32832080125808716 0.026257622987031937
	-0.32330828905105591 0.025226946920156479
	-0.31829571723937988 0.033993382006883621
	-0.31328320503234863 0.047762803733348846
	-0.30827069282531738 0.054099991917610168
	-0.30325812101364136 0.073054715991020203
	-0.29824560880661011 0.064219251275062561
	-0.29323309659957886 0.080738842487335205
	-0.28822052478790283 0.089243605732917786
	-0.28320801258087158 0.081688292324542999
	-0.27819550037384033 0.092402078211307526
	-0.27318292856216431 0.10677498579025269
	-0.26817041635513306 0.10319729894399643
	-0.26315790414810181 0.10072771459817886
	-0.25814539194107056 0.10314378887414932
	-0.25313282012939453 0.10314649343490601
	-0.24812030792236328 0.10817712545394897
	-0.24310779571533203 0.10516797006130219
	-0.23809522390365601 0.10719649493694305
	-0.23308271169662476 0.108289934694767
	-0.22807019948959351 0.10224025696516037
	-0.22305762767791748 0.093941673636436462
	-0.21804511547088623 0.089538522064685822
	-0.21303260326385498 0.09100639820098877
	-0.20802003145217896 0.084821581840515137
	-0.20300751924514771 0.07619708776473999
	-0.19799500703811646 0.07314985990524292
	-0.19298243522644043 0.051466956734657288
	-0.18796992301940918 0.055779539048671722
	-0.18295741081237793 0.045925971120595932
	-0.1779448390007019 0.036608997732400894
	-0.17293232679367065 0.019636046141386032
	-0.1679198145866394 0.021094290539622307
	-0.16290724277496338 -0.0043921442702412605
	-0.15789473056793213 -0.0063021350651979446
	-0.15288221836090088 -0.013195021077990532
	-0.14786964654922485 -0.021585183218121529
	-0.1428571343421936 -0.030438149347901344
	-0.13784462213516235 -0.046812370419502258
	-0.1328321099281311 -0.04406500980257988
	-0.12781953811645508 -0.054346449673175812
	-0.12280702590942383 -0.072289653122425079
	-0.11779451370239258 -0.072948835790157318
	-0.11278194189071655 -0.07345927506685257
	-0.1077694296836853 -0.074132688343524933
	-0.10275691747665405 -0.079486459493637085
	-0.097744345664978027 -0.094679243862628937
	-0.092731833457946777 -0.080161906778812408
	-0.087719321250915527 -0.088349021971225739
	-0.082706749439239502 -0.094235658645629883
	-0.077694237232208252 -0.094179823994636536
	-0.072681725025177002 -0.080118037760257721
	-0.067669153213500977 -0.077746927738189697
	-0.062656641006469727 -0.092011101543903351
	-0.057644128799438477 -0.083034664392471313
	-0.052631556987762451 -0.083614222705364227
	-0.047619044780731201 -0.063387587666511536
	-0.042606532573699951 -0.068893522024154663
	-0.037593960762023926 -0.058179982006549835
	-0.032581448554992676 -0.055107973515987396
	-0.027568936347961426 -0.044538337737321854
	-0.0225563645362854 -0.034990746527910233
	-0.01754385232925415 -0.018473127856850624
	-0.0125313401222229 -0.010092182084918022
	-0.007518768310546875 -0.00438709557056427
	-0.002506256103515625 -0.0033439286053180695
	0.002506256103515625 0.0062181618995964527
	0.007518768310546875 0.026599075645208359
	0.012531280517578125 0.029501846060156822
	0.017543911933898926 0.046253621578216553
	0.022556424140930176 0.051455583423376083
	0.027568936347961426 0.066592231392860413
	0.032581448554992676 0.073038212954998016
	0.037593960762023926 0.079057693481445313
	0.042606472969055176 0.088242173194885254
	0.047619104385375977 0.083410240709781647
	0.052631616592407227 0.094779171049594879
	0.057644128799438477 0.093326732516288757
	0.062656641006469727 0.10461890697479248
	0.067669153213500977 0.10306569188833237
	0.072681665420532227 0.10945972800254822
	0.077694177627563477 0.11493545025587082
	0.082706809043884277 0.10687825828790665
	0.087719321250915527 0.11533471196889877
	0.092731833457946777 0.10889081656932831
	0.097744345664978027 0.099190488457679749
	0.10275685787200928 0.098418354988098145
	0.10776937007904053 0.091253623366355896
	0.11278200149536133 0.093293197453022003
	0.11779451370239258 0.090409696102142334
	0.12280702590942383 0.084319442510604858
	0.12781953811645508 0.08242286741733551
	0.13283205032348633 0.076144330203533173
	0.13784456253051758 0.059846311807632446
	0.14285719394683838 0.059743750840425491
	0.14786970615386963 0.047719910740852356
	0.15288221836090088 0.045657560229301453
	0.15789473056793213 0.032611530274152756
	0.16290724277496338 0.010290151461958885
	0.16791975498199463 0.0030868570320308208
	0.17293238639831543 -0.0039331633597612381
	0.17794489860534668 -0.015757638961076736
	0.18295741081237793 -0.017493097111582756
	0.18796992301940918 -0.0199276152998209
	0.19298243522644043 -0.028088556602597237
	0.19799494743347168 -0.042351096868515015
	0.20300745964050293 -0.047256298363208771
	0.20802009105682373 -0.051156081259250641
	0.21303260326385498 -0.061475470662117004
	0.21804511547088623 -0.078870475292205811
	0.22305762767791748 -0.067400947213172913
	0.22807013988494873 -0.088592946529388428
	0.23308265209197998 -0.078015536069869995
	0.23809528350830078 -0.081780709326267242
	0.24310779571533203 -0.080828845500946045
	0.24812030792236328 -0.099248014390468597
	0.25313282012939453 -0.088273607194423676
	0.25814533233642578 -0.089934788644313812
	0.26315784454345703 -0.091661304235458374
	0.26817047595977783 -0.088357336819171906
	0.27318298816680908 -0.070959024131298065
	0.27819550037384033 -0.078950129449367523
	0.28320801258087158 -0.080733060836791992
	0.28822052478790283 -0.061267901211977005
	0.29323303699493408 -0.065377123653888702
	0.29824566841125488 -0.051685210317373276
	0.30325818061828613 -0.051710586994886398
	0.30827069282531738 -0.032344568520784378
	0.31328320503234863 -0.021678635850548744
	0.31829571723937988 -0.014177101664245129
	0.32330822944641113 0.00029191031353548169
	0.32832086086273193 -0.0052894637919962406
	0.33333337306976318 0.0041730566881597042
	0.33834588527679443 0.023544773459434509
	0.34335839748382568 0.035672567784786224
	0.34837090969085693 0.040687911212444305
	0.35338342189788818 0.053804796189069748
	0.35839593410491943 0.052326273173093796
	0.36340856552124023 0.060934837907552719
	0.36842107772827148 0.074406042695045471
	0.37343358993530273 0.081218823790550232
	0.37844610214233398 0.094968050718307495
	0.38345861434936523 0.10092918574810028
	0.38847112655639648 0.091463960707187653
	0.39348375797271729 0.10199858248233795
	0.39849627017974854 0.11403228342533112
	0.40350878238677979 0.10077201575040817
	0.40852129459381104 0.10374287515878677
	0.41353380680084229 0.10994843393564224
	0.41854631900787354 0.11691313236951828
	0.42355895042419434 0.11546622961759567
	0.42857146263122559 0.1051696315407753
	0.43358397483825684 0.10420387983322144
	0.43859648704528809 0.10869728028774261
	0.44360899925231934 0.095267891883850098
	0.44862151145935059 0.089318171143531799
	0.45363414287567139 0.079877503216266632
	0.45864665508270264 0.073394894599914551
	0.46365916728973389 0.064886689186096191
	0.46867167949676514 0.064426727592945099
	0.47368419170379639 0.065341643989086151
	0.47869670391082764 0.054148953408002853
	0.48370921611785889 0.044631544500589371
	0.48872184753417969 0.021458717063069344
	0.49373435974121094 0.019273851066827774
	0.49874687194824219 0.013066833838820457
	0.50375938415527344 0.011658487841486931
	0.50877189636230469 0.00088085612514987588
	0.51378440856933594 -0.0093341032043099403
	0.51879703998565674 -0.018632642924785614
	0.52380955219268799 -0.030472338199615479
	0.52882206439971924 -0.046152222901582718
	0.53383457660675049 -0.0450286865234375
	0.53884708881378174 -0.059456400573253632
	0.54385960102081299 -0.055732540786266327
	0.54887223243713379 -0.076465785503387451
	0.55388474464416504 -0.07035498321056366
	0.55889725685119629 -0.074717491865158081
	0.56390976905822754 -0.084816023707389832
	0.56892228126525879 -0.077677041292190552
	0.57393479347229004 -0.097709566354751587
	0.57894742488861084 -0.091140009462833405
	0.58395993709564209 -0.08134905993938446
	0.58897244930267334 -0.089418232440948486
	0.59398496150970459 -0.085364222526550293
	0.59899747371673584 -0.078264951705932617
	0.60400998592376709 -0.086923219263553619
	0.60902249813079834 -0.087251424789428711
	0.61403512954711914 -0.064463898539543152
	0.61904764175415039 -0.075976967811584473
	0.62406015396118164 -0.056764483451843262
	0.62907266616821289 -0.063636519014835358
	0.63408517837524414 -0.053826365619897842
	0.63909769058227539 -0.037487346678972244
	0.64411032199859619 -0.027891883626580238
	0.64912283420562744 -0.030286932364106178
	0.65413534641265869 -0.0094344737008213997
	0.65914785861968994 -0.0071719419211149216
	0.66416037082672119 -0.001668497221544385
	0.66917288303375244 0.02366248145699501
	0.67418551445007324 0.01446960587054491
	0.67919802665710449 0.037324666976928711
	0.68421053886413574 0.047331158071756363
	0.68922305107116699 0.053245116025209427
	0.69423556327819824 0.065751463174819946
	0.69924807548522949 0.059254337102174759
	0.70426070690155029 0.074166163802146912
	0.70927321910858154 0.08454093337059021
	0.71428573131561279 0.079219050705432892
	0.71929824352264404 0.083730287849903107
	0.72431075572967529 0.10612110048532486
	0.72932326793670654 0.10235191881656647
	0.73433578014373779 0.098969139158725739
	0.73934841156005859 0.10600811243057251
	0.74436092376708984 0.10305292159318924
	0.74937343597412109 0.10422305017709732
	0.75438594818115234 0.10124950855970383
	0.75939846038818359 0.11761537939310074
	0.76441097259521484 0.10353856533765793
	0.76942360401153564 0.096317701041698456
	0.77443611621856689 0.090897157788276672
	0.77944862842559814 0.090875662863254547
	0.78446114063262939 0.094866305589675903
	0.78947365283966064 0.076740272343158722
	0.79448616504669189 0.074421830475330353
	0.7994987964630127 0.072423793375492096
	0.80451130867004395 0.054985884577035904
	0.8095238208770752 0.061889663338661194
	0.81453633308410645 0.042841311544179916
	0.8195488452911377 0.026313278824090958
	0.82456135749816895 0.024533344432711601
	0.82957398891448975 0.021499674767255783
	0.834586501121521 0.0074406592175364494
	0.83959901332855225 -0.0025910285767167807
	0.8446115255355835 -0.0028959715273231268
	0.84962403774261475 -0.021955784410238266
	0.854636549949646 -0.038377340883016586
	0.8596491813659668 -0.044272091239690781
	0.86466169357299805 -0.054007448256015778
	0.8696742057800293 -0.04378875344991684
	0.87468671798706055 -0.067922428250312805
	0.8796992301940918 -0.067518182098865509
	0.88471174240112305 -0.064397528767585754
	0.8897242546081543 -0.081824235618114471
	0.8947368860244751 -0.087501227855682373
	0.89974939823150635 -0.091480650007724762
	0.9047619104385376 -0.084231816232204437
	0.90977442264556885 -0.08958880603313446
	0.9147869348526001 -0.096931926906108856
	0.91979944705963135 -0.094080127775669098
	0.92481207847595215 -0.092786774039268494
	0.9298245906829834 -0.082266174256801605
	0.93483710289001465 -0.091067194938659668
	0.9398496150970459 -0.076569952070713043
	0.94486212730407715 -0.083662897348403931
	0.9498746395111084 -0.069700576364994049
	0.9548872709274292 -0.05915505439043045
	0.95989978313446045 -0.053575523197650909
	0.9649122953414917 -0.052497036755084991
	0.96992480754852295 -0.04080648347735405
	0.9749373197555542 -0.028871288523077965
	0.97994983196258545 -0.027967745438218117
	0.98496246337890625 -0.0090471869334578514
	0.9899749755859375 -0.013760681264102459
	0.99498748779296875 0.0080747790634632111
	1 2.4669241611263715e-005
